camera_matrix:
- [586.7482827703667, 0.0, 293.77927016003287]
- [0.0, 590.2877059743696, 227.54914708352513]
- [0.0, 0.0, 1.0]
dist_coeff:
- [-0.17491384245247457, 1.970515269436598, -0.010027854266756592, -0.01070742899191777,
  -7.422346918612135]
